0 0.7181274900398407 0.03221288515406163 0.21314741035856574 0.058823529411764705
0 0.5826693227091634 0.03221288515406163 0.07768924302788845 0.047619047619047616
0 0.5607569721115537 0.10364145658263306 0.10159362549800796 0.056022408963585436
0 0.7101593625498008 0.14985994397759103 0.20517928286852588 0.09243697478991597
0 0.7270916334661355 0.06722689075630252 0.20717131474103584 0.0784313725490196
0 0.7340637450199203 0.1134453781512605 0.20119521912350596 0.10364145658263306
0 0.6304780876494024 0.30532212885154064 0.23306772908366533 0.08403361344537816
0 0.6115537848605578 0.33053221288515405 0.21115537848605578 0.0784313725490196
0 0.5617529880478087 0.41876750700280113 0.2749003984063745 0.12605042016806722
0 0.49203187250996017 0.5840336134453782 0.2828685258964143 0.12605042016806722
