0 0.0846613545816733 0.1882716049382716 0.021912350597609563 0.04938271604938271
0 0.13346613545816732 0.17592592592592593 0.01593625498007968 0.043209876543209874
0 0.24800796812749004 0.12962962962962962 0.01792828685258964 0.06790123456790123
0 0.28685258964143423 0.1419753086419753 0.01593625498007968 0.08641975308641975
0 0.28784860557768926 0.6851851851851851 0.013944223107569721 0.043209876543209874
0 0.3446215139442231 0.6203703703703703 0.0199203187250996 0.04938271604938271
0 0.4292828685258964 0.5046296296296297 0.013944223107569721 0.033950617283950615
0 0.4960159362549801 0.5586419753086419 0.01593625498007968 0.037037037037037035
0 0.4302788844621514 0.7731481481481481 0.0199203187250996 0.040123456790123455
0 0.48804780876494025 0.7391975308641975 0.01593625498007968 0.040123456790123455
0 0.949203187250996 0.05246913580246913 0.01792828685258964 0.043209876543209874
