0 0.05905511811023622 0.31496062992125984 0.015748031496062992 0.03674540682414698
0 0.12696850393700787 0.2847769028871391 0.017716535433070866 0.01837270341207349
0 0.2588582677165354 0.48031496062992124 0.013779527559055118 0.07874015748031496
0 0.30118110236220474 0.4645669291338583 0.015748031496062992 0.06824146981627296
0 0.18700787401574803 0.8307086614173228 0.015748031496062992 0.049868766404199474
0 0.05905511811023622 0.6509186351706037 0.015748031496062992 0.015748031496062992
0 0.24901574803149606 0.8385826771653543 0.013779527559055118 0.06036745406824147
0 0.71751968503937 0.6377952755905512 0.017716535433070866 0.05249343832020997
0 0.7736220472440944 0.5761154855643045 0.01968503937007874 0.06036745406824147
0 0.9399606299212598 0.9698162729658792 0.013779527559055118 0.04461942257217848
0 0.984251968503937 0.968503937007874 0.01968503937007874 0.05249343832020997
