0 0.031936127744510975 0.041193181818181816 0.01996007984031936 0.03125
0 0.17664670658682632 0.12215909090909091 0.017964071856287425 0.03409090909090909
0 0.2335329341317365 0.08664772727272728 0.015968063872255488 0.036931818181818184
0 0.1307385229540918 0.9105113636363636 0.017964071856287425 0.05397727272727273
0 0.18862275449101795 0.8451704545454546 0.017964071856287425 0.07102272727272728
0 0.41616766467065863 0.7883522727272727 0.017964071856287425 0.03125
0 0.5928143712574849 0.4403409090909091 0.015968063872255488 0.05681818181818182
0 0.6437125748502993 0.4431818181818182 0.017964071856287425 0.05113636363636364
0 0.8023952095808382 0.39772727272727276 0.01996007984031936 0.03409090909090909
0 0.843313373253493 0.34375 0.017964071856287425 0.05681818181818182
