0 0.14285714285714285 0.36231884057971014 0.0547945205479452 0.057971014492753624
0 0.16927592954990214 0.1927536231884058 0.04892367906066536 0.05507246376811594
0 0.2622309197651663 0.591304347826087 0.050880626223091974 0.0463768115942029
0 0.3454011741682974 0.755072463768116 0.060665362035225046 0.04927536231884058
0 0.3943248532289628 0.32028985507246377 0.04892367906066536 0.05507246376811594
0 0.487279843444227 0.07101449275362319 0.046966731898238745 0.04927536231884058
0 0.5978473581213307 0.35507246376811596 0.04500978473581213 0.06666666666666667
0 0.6438356164383561 0.09565217391304348 0.043052837573385516 0.06956521739130435
0 0.6565557729941291 0.9304347826086956 0.060665362035225046 0.06956521739130435
0 0.8131115459882583 0.3565217391304348 0.04892367906066536 0.06376811594202898
0 0.9452054794520548 0.15507246376811595 0.019569471624266144 0.04927536231884058
