0 0.2874251497005988 0.7540983606557377 0.04790419161676646 0.060109289617486336
0 0.4550898203592814 0.5218579234972678 0.06387225548902195 0.0546448087431694
0 0.25349301397205587 0.33469945355191255 0.0718562874251497 0.06284153005464481
0 0.6447105788423153 0.7336065573770492 0.08383233532934131 0.040983606557377046
0 0.7524950099800398 0.4713114754098361 0.05988023952095808 0.10109289617486339
0 0.2994011976047904 0.9180327868852459 0.01996007984031936 0.06557377049180328
0 0.3183632734530938 0.9002732240437158 0.021956087824351295 0.07923497267759563
0 0.3373253493013972 0.9057377049180327 0.01996007984031936 0.09016393442622951
0 0.3582834331337325 0.9234972677595629 0.02594810379241517 0.13114754098360656
0 0.38123752495009977 0.9139344262295082 0.01996007984031936 0.11748633879781421
