0 0.25250501002004005 0.6379821958456974 0.06012024048096192 0.06528189910979229
0 0.2685370741482966 0.8367952522255193 0.01603206412825651 0.09495548961424333
0 0.28456913827655306 0.8160237388724035 0.02004008016032064 0.09495548961424333
0 0.3066132264529058 0.8204747774480713 0.028056112224448895 0.10979228486646884
0 0.3306613226452906 0.8382789317507419 0.024048096192384766 0.1513353115727003
0 0.35270541082164325 0.8100890207715133 0.03206412825651302 0.11869436201780416
0 0.438877755511022 0.36350148367952523 0.06813627254509018 0.06231454005934718
0 0.6452905811623246 0.6142433234421365 0.08817635270541081 0.05341246290801187
0 0.7665330661322645 0.2997032640949555 0.06212424849699398 0.12462908011869436
0 0.21743486973947895 0.142433234421365 0.07414829659318636 0.08308605341246292
