0 0.15551181102362205 0.125 0.027559055118110236 0.0551948051948052
0 0.18110236220472442 0.4480519480519481 0.03937007874015748 0.07792207792207792
0 0.2529527559055118 0.8766233766233766 0.045275590551181105 0.07792207792207792
0 0.4251968503937008 0.5438311688311689 0.031496062992125984 0.10064935064935066
0 0.5787401574803149 0.6590909090909092 0.03543307086614173 0.09090909090909091
0 0.6210629921259843 0.1866883116883117 0.025590551181102362 0.061688311688311695
0 0.6811023622047244 0.4707792207792208 0.027559055118110236 0.07142857142857144
0 0.7775590551181102 0.4285714285714286 0.027559055118110236 0.05844155844155845
0 0.8976377952755905 0.45292207792207795 0.015748031496062992 0.061688311688311695
0 0.9763779527559056 0.25974025974025977 0.031496062992125984 0.06493506493506494
0 0.8307086614173228 0.7711038961038962 0.05511811023622047 0.08766233766233766
0 0.8405511811023622 0.8474025974025975 0.03937007874015748 0.06493506493506494
