0 0.1551383399209486 0.16393442622950818 0.02569169960474308 0.0546448087431694
0 0.11462450592885375 0.34972677595628415 0.035573122529644265 0.04918032786885246
0 0.09189723320158102 0.5806010928961749 0.04150197628458498 0.05191256830601093
0 0.2025691699604743 0.8565573770491803 0.04545454545454545 0.05191256830601093
0 0.2519762845849802 0.6065573770491803 0.04940711462450593 0.060109289617486336
0 0.3073122529644269 0.30191256830601093 0.04150197628458498 0.06830601092896176
0 0.24407114624505927 0.10109289617486339 0.037549407114624504 0.0546448087431694
0 0.42094861660079047 0.15437158469945356 0.02766798418972332 0.04644808743169399
0 0.3646245059288537 0.4822404371584699 0.0533596837944664 0.07923497267759563
0 0.41996047430830036 0.8469945355191257 0.04940711462450593 0.06557377049180328
0 0.6353754940711462 0.860655737704918 0.03359683794466403 0.04371584699453552
0 0.5533596837944663 0.6598360655737705 0.023715415019762844 0.040983606557377046
0 0.5988142292490118 0.5204918032786885 0.023715415019762844 0.040983606557377046
0 0.5306324110671936 0.3702185792349727 0.03359683794466403 0.04644808743169399
0 0.46640316205533594 0.26229508196721313 0.03162055335968379 0.04918032786885246
0 0.5286561264822134 0.20491803278688525 0.021739130434782608 0.03278688524590164
0 0.01284584980237154 0.8183060109289617 0.021739130434782608 0.04644808743169399
0 0.6778656126482213 0.23087431693989072 0.03162055335968379 0.04644808743169399
0 0.5444664031620553 0.10109289617486339 0.021739130434782608 0.03278688524590164
0 0.6343873517786561 0.366120218579235 0.03162055335968379 0.060109289617486336
