0 0.575301204819277 0.6445623342175066 0.04618473895582329 0.03713527851458886
0 0.4457831325301204 0.8116710875331564 0.040160642570281124 0.042440318302387266
0 0.715863453815261 0.793103448275862 0.05421686746987951 0.03713527851458886
0 0.7971887550200802 0.6007957559681697 0.048192771084337345 0.07692307692307691
0 0.08433734939759036 0.7705570291777188 0.06024096385542168 0.04509283819628647
0 0.42068273092369474 0.5092838196286472 0.0502008032128514 0.05305039787798408
0 0.4688755020080321 0.9137931034482758 0.014056224899598391 0.055702917771883284
0 0.4588353413654618 0.9257294429708223 0.014056224899598391 0.042440318302387266
0 0.4839357429718875 0.9137931034482758 0.01606425702811245 0.06100795755968169
0 0.49999999999999994 0.9297082228116711 0.01606425702811245 0.09814323607427056
0 0.5150602409638554 0.916445623342175 0.018072289156626505 0.07692307692307691
