0 0.11401869158878505 0.7741935483870968 0.10467289719626169 0.05806451612903226
0 0.11588785046728972 0.7983870967741935 0.09719626168224299 0.054838709677419356
0 0.9028037383177571 0.7016129032258065 0.12710280373831775 0.3258064516129032
0 0.13457943925233645 0.38225806451612904 0.10093457943925234 0.054838709677419356
0 0.042056074766355145 0.4129032258064516 0.05046728971962617 0.04516129032258064
0 0.23177570093457944 0.714516129032258 0.06355140186915888 0.07419354838709677
0 0.24205607476635516 0.7387096774193549 0.06168224299065421 0.04516129032258064
0 0.24205607476635516 0.7548387096774194 0.0691588785046729 0.04516129032258064
0 0.33925233644859815 0.6709677419354839 0.07289719626168224 0.07096774193548387
0 0.34392523364485983 0.6870967741935484 0.07102803738317758 0.05806451612903226
0 0.3448598130841122 0.7096774193548387 0.0691588785046729 0.04516129032258064
0 0.5121495327102804 0.6080645161290322 0.11588785046728972 0.054838709677419356
0 0.4869158878504673 0.6483870967741936 0.15887850467289721 0.09032258064516129
0 0.7626168224299066 0.5467741935483871 0.07476635514018692 0.06129032258064516
