0 0.2085828343313373 0.722397476340694 0.049900199600798396 0.0694006309148265
0 0.3832335329341317 0.45741324921135645 0.06387225548902195 0.06309148264984227
0 0.1806387225548902 0.24290220820189273 0.06187624750499002 0.07570977917981073
0 0.6776447105788422 0.39274447949526814 0.06187624750499002 0.11041009463722397
0 0.5688622754491017 0.694006309148265 0.07584830339321356 0.056782334384858045
0 0.22854291417165667 0.9116719242902208 0.017964071856287425 0.0694006309148265
0 0.2425149700598802 0.889589905362776 0.017964071856287425 0.07570977917981073
0 0.26347305389221554 0.8990536277602523 0.015968063872255488 0.11356466876971609
0 0.28542914171656686 0.9069400630914827 0.015968063872255488 0.14195583596214512
0 0.3073852295409181 0.889589905362776 0.01996007984031936 0.11356466876971609
