0 0.09881422924901186 0.3118811881188119 0.11067193675889328 0.04950495049504951
0 0.09782608695652173 0.3333333333333333 0.1126482213438735 0.052805280528052806
0 0.225296442687747 0.25412541254125415 0.07509881422924901 0.0594059405940594
0 0.23715415019762845 0.2871287128712871 0.07509881422924901 0.052805280528052806
0 0.33399209486166004 0.19636963696369636 0.07905138339920947 0.06930693069306931
0 0.5266798418972332 0.15016501650165018 0.1284584980237154 0.056105610561056105
0 0.4960474308300395 0.18646864686468648 0.17786561264822134 0.08250825082508251
0 0.3409090909090909 0.22277227722772278 0.08498023715415019 0.04950495049504951
0 0.3428853754940711 0.24917491749174916 0.07312252964426877 0.056105610561056105
0 0.783596837944664 0.08085808580858087 0.07312252964426877 0.056105610561056105
0 0.9328063241106719 0.24257425742574257 0.12252964426877469 0.3333333333333333
