0 0.24849094567404428 0.6487341772151899 0.05432595573440644 0.056962025316455694
0 0.2776659959758552 0.46360759493670883 0.05633802816901409 0.05379746835443038
0 0.3712273641851107 0.8971518987341772 0.05432595573440644 0.060126582278481014
0 0.5070422535211268 0.6012658227848101 0.06036217303822938 0.056962025316455694
0 0.7173038229376258 0.6471518987341772 0.04627766599597586 0.05379746835443038
0 0.6076458752515091 0.3291139240506329 0.044265593561368215 0.056962025316455694
0 0.767605633802817 0.36075949367088606 0.04627766599597586 0.06329113924050633
0 0.6277665995975855 0.060126582278481014 0.03621730382293763 0.056962025316455694
0 0.8269617706237425 0.02373417721518987 0.04024144869215292 0.04113924050632911
0 0.8843058350100604 0.21835443037974683 0.05835010060362174 0.08860759493670886
0 0.9386317907444669 0.6392405063291139 0.05030181086519115 0.06962025316455696
