0 0.5329341317365269 0.38530465949820786 0.03992015968063872 0.053763440860215055
0 0.5469061876247504 0.25627240143369173 0.03592814371257485 0.053763440860215055
0 0.6097804391217564 0.553763440860215 0.03393213572854291 0.053763440860215055
0 0.6596806387225548 0.6899641577060932 0.041916167664670656 0.04659498207885305
0 0.6896207584830338 0.35304659498207885 0.03792415169660678 0.03942652329749104
0 0.7514970059880239 0.16129032258064516 0.02994011976047904 0.05017921146953405
0 0.8512974051896207 0.17921146953405018 0.03393213572854291 0.06451612903225806
0 0.9231536926147704 0.08243727598566308 0.03792415169660678 0.06451612903225806
0 0.8213572854291417 0.3835125448028674 0.02994011976047904 0.043010752688172046
0 0.9560878243512974 0.3781362007168459 0.031936127744510975 0.06093189964157706
0 0.8582834331337325 0.8225806451612904 0.04391217564870259 0.053763440860215055
