0 0.2341513292433538 0.05963302752293578 0.051124744376278126 0.06422018348623854
0 0.15235173824130882 0.5672782874617737 0.04294478527607362 0.05198776758409786
0 0.13496932515337426 0.6697247706422018 0.0408997955010225 0.03669724770642202
0 0.21370143149284257 0.8195718654434251 0.030674846625766874 0.04281345565749235
0 0.2668711656441718 0.9327217125382263 0.04294478527607362 0.04281345565749235
0 0.29754601226993865 0.6483180428134556 0.03885480572597137 0.03669724770642202
0 0.4294478527607362 0.672782874617737 0.02862985685071575 0.04281345565749235
0 0.35991820040899797 0.481651376146789 0.032719836400818 0.039755351681957186
0 0.458077709611452 0.5045871559633027 0.032719836400818 0.04892966360856269
0 0.5664621676891616 0.6712538226299695 0.032719836400818 0.045871559633027525
0 0.3752556237218814 0.3241590214067278 0.030674846625766874 0.03669724770642202
0 0.39877300613496935 0.19571865443425077 0.02044989775051125 0.03669724770642202
0 0.4550102249488753 0.14984709480122324 0.022494887525562373 0.04892966360856269
0 0.49897750511247446 0.29510703363914376 0.0245398773006135 0.0581039755351682
0 0.5337423312883436 0.41896024464831805 0.03680981595092025 0.05504587155963303
0 0.7085889570552147 0.6758409785932722 0.018404907975460124 0.03669724770642202
0 0.6390593047034765 0.3363914373088685 0.018404907975460124 0.03669724770642202
0 0.5981595092024541 0.2599388379204893 0.022494887525562373 0.03058103975535168
0 0.5715746421267894 0.18807339449541285 0.018404907975460124 0.03363914373088685
0 0.6370143149284254 0.22018348623853212 0.018404907975460124 0.03058103975535168
0 0.6482617586912066 0.154434250764526 0.016359918200409 0.027522935779816515
0 0.7372188139059306 0.24464831804281345 0.018404907975460124 0.03058103975535168
0 0.7065439672801637 0.3363914373088685 0.026584867075664625 0.04281345565749235
0 0.6830265848670757 0.4418960244648318 0.0245398773006135 0.03363914373088685
0 0.6574642126789366 0.5351681957186545 0.026584867075664625 0.03669724770642202
0 0.7116564417177915 0.8241590214067278 0.02862985685071575 0.03363914373088685
0 0.7934560327198364 0.7920489296636085 0.016359918200409 0.03058103975535168
