0 0.2803180914512922 0.4011627906976744 0.04771371769383698 0.05813953488372093
0 0.30318091451292245 0.2543604651162791 0.041749502982107355 0.0436046511627907
0 0.39363817097415504 0.6119186046511628 0.03976143141153081 0.0436046511627907
0 0.46719681908548705 0.7659883720930233 0.059642147117296214 0.055232558139534885
0 0.7554671968190854 0.9244186046511628 0.05566600397614314 0.06976744186046512
0 0.5159045725646123 0.36773255813953487 0.04572564612326043 0.0436046511627907
0 0.6013916500994035 0.1380813953488372 0.03777335984095427 0.06686046511627906
0 0.7475149105367792 0.1686046511627907 0.04373757455268389 0.05813953488372093
0 0.7007952286282305 0.40261627906976744 0.03777335984095427 0.061046511627906974
0 0.8966202783300198 0.3997093023255814 0.04373757455268389 0.055232558139534885
0 0.8499005964214711 0.04796511627906977 0.049701789264413515 0.06686046511627906
