0 0.10882352941176471 0.30064308681672025 0.045098039215686274 0.04823151125401929
0 0.13725490196078433 0.5144694533762058 0.050980392156862744 0.03858520900321544
0 0.3049019607843137 0.6511254019292605 0.049019607843137254 0.03536977491961415
0 0.3235294117647059 0.3183279742765273 0.058823529411764705 0.06430868167202572
0 0.4843137254901961 0.5016077170418006 0.047058823529411764 0.04501607717041801
0 0.6352941176470588 0.4967845659163987 0.043137254901960784 0.03536977491961415
0 0.5862745098039216 0.3167202572347267 0.043137254901960784 0.04823151125401929
0 0.8127450980392157 0.5530546623794212 0.041176470588235294 0.04501607717041801
0 0.7431372549019608 0.8054662379421221 0.0392156862745098 0.04180064308681672
0 0.8254901960784313 0.3070739549839228 0.0392156862745098 0.04180064308681672
0 0.7225490196078431 0.18488745980707394 0.029411764705882353 0.028938906752411574
