0 0.07669322709163347 0.5909090909090909 0.07370517928286853 0.11515151515151516
0 0.09760956175298804 0.09848484848484848 0.027888446215139442 0.07575757575757576
0 0.3545816733067729 0.20303030303030303 0.05976095617529881 0.07272727272727272
0 0.3605577689243028 0.2772727272727273 0.0398406374501992 0.07575757575757576
0 0.35856573705179284 0.8196969696969697 0.03187250996015936 0.06363636363636363
0 0.4601593625498008 0.746969696969697 0.03585657370517928 0.0696969696969697
0 0.5268924302788844 0.9772727272727273 0.045816733067729085 0.045454545454545456
0 0.6523904382470119 0.8045454545454546 0.03386454183266932 0.06363636363636363
0 0.7888446215139442 0.7454545454545455 0.027888446215139442 0.04242424242424243
0 0.7061752988047809 0.9393939393939394 0.03386454183266932 0.06666666666666667
0 0.7749003984063745 0.8651515151515151 0.02390438247011952 0.045454545454545456
0 0.9382470119521912 0.9045454545454545 0.0398406374501992 0.05757575757575758
