0 0.326171875 0.04339622641509434 0.03125 0.04905660377358491
0 0.26171875 0.5641509433962264 0.0234375 0.033962264150943396
0 0.2734375 0.469811320754717 0.0234375 0.026415094339622643
0 0.365234375 0.5339622641509434 0.03125 0.04905660377358491
0 0.310546875 0.6867924528301886 0.0234375 0.03773584905660377
0 0.3466796875 0.779245283018868 0.033203125 0.033962264150943396
0 0.4775390625 0.879245283018868 0.029296875 0.04528301886792453
0 0.453125 0.560377358490566 0.0234375 0.04150943396226415
0 0.40625 0.4018867924528302 0.01953125 0.04150943396226415
0 0.4169921875 0.2660377358490566 0.021484375 0.04150943396226415
0 0.4716796875 0.41320754716981134 0.025390625 0.04905660377358491
0 0.431640625 0.15471698113207547 0.015625 0.03773584905660377
0 0.4677734375 0.12264150943396226 0.021484375 0.04905660377358491
0 0.5439453125 0.15283018867924528 0.017578125 0.026415094339622643
0 0.4951171875 0.24150943396226415 0.025390625 0.04528301886792453
0 0.51953125 0.3471698113207547 0.01953125 0.052830188679245285
0 0.5634765625 0.21509433962264152 0.013671875 0.03018867924528302
0 0.5869140625 0.18113207547169813 0.013671875 0.022641509433962266
0 0.5966796875 0.12075471698113208 0.013671875 0.03018867924528302
0 0.6357421875 0.27547169811320754 0.017578125 0.04528301886792453
0 0.5908203125 0.2792452830188679 0.013671875 0.03773584905660377
0 0.5439453125 0.5566037735849056 0.025390625 0.04905660377358491
0 0.5986328125 0.44150943396226416 0.013671875 0.04528301886792453
0 0.62109375 0.3754716981132076 0.01171875 0.033962264150943396
0 0.6396484375 0.42641509433962266 0.013671875 0.03773584905660377
0 0.65234375 0.19811320754716982 0.01953125 0.033962264150943396
0 0.6376953125 0.5660377358490566 0.021484375 0.03773584905660377
0 0.6337890625 0.6886792452830188 0.025390625 0.033962264150943396
0 0.69140625 0.660377358490566 0.01171875 0.03018867924528302
