0 0.1395112016293279 0.12305295950155763 0.02240325865580448 0.028037383177570093
0 0.2260692464358452 0.6152647975077882 0.02036659877800407 0.028037383177570093
0 0.18126272912423624 0.30218068535825543 0.0285132382892057 0.03115264797507788
0 0.12627291242362523 0.19781931464174454 0.024439918533604887 0.03426791277258567
0 0.21792260692464357 0.37694704049844235 0.0285132382892057 0.03115264797507788
0 0.23828920570264764 0.17757009345794392 0.024439918533604887 0.024922118380062305
0 0.2830957230142566 0.06697819314641744 0.02036659877800407 0.028037383177570093
0 0.35030549898167 0.0778816199376947 0.024439918533604887 0.03115264797507788
0 0.40122199592668023 0.020249221183800622 0.024439918533604887 0.03426791277258567
0 0.3564154786150712 0.45794392523364486 0.0285132382892057 0.037383177570093455
0 0.40733197556008144 0.6728971962616822 0.024439918533604887 0.037383177570093455
0 0.32993890020366595 0.19937694704049844 0.02036659877800407 0.03115264797507788
0 0.4256619144602851 0.19781931464174454 0.024439918533604887 0.028037383177570093
0 0.5030549898167006 0.03894080996884735 0.008146639511201629 0.021806853582554516
0 0.4847250509164969 0.10903426791277258 0.016293279022403257 0.03115264797507788
0 0.5193482688391038 0.3052959501557632 0.0285132382892057 0.018691588785046728
0 0.5203665987780041 0.20249221183800623 0.02240325865580448 0.024922118380062305
0 0.5743380855397148 0.2819314641744548 0.012219959266802444 0.01557632398753894
0 0.4928716904276985 0.6308411214953271 0.02036659877800407 0.028037383177570093
0 0.43584521384928715 0.7850467289719626 0.016293279022403257 0.024922118380062305
0 0.530549898167006 0.6915887850467289 0.01425661914460285 0.024922118380062305
0 0.5315682281059063 0.5981308411214953 0.02036659877800407 0.018691588785046728
0 0.6109979633401221 0.5700934579439252 0.02036659877800407 0.03115264797507788
0 0.44399185336048874 0.8753894080996885 0.012219959266802444 0.018691588785046728
