0 0.09782608695652173 0.2507936507936508 0.021739130434782608 0.031746031746031744
0 0.1551383399209486 0.6571428571428571 0.02569169960474308 0.0380952380952381
0 0.25494071146245056 0.49206349206349204 0.023715415019762844 0.025396825396825397
0 0.33695652173913043 0.5857142857142857 0.02569169960474308 0.03492063492063492
0 0.14130434782608695 0.834920634920635 0.029644268774703556 0.025396825396825397
0 0.2984189723320158 0.9126984126984127 0.03162055335968379 0.03492063492063492
0 0.49209486166007904 0.9031746031746032 0.03162055335968379 0.03492063492063492
0 0.6818181818181818 0.8904761904761904 0.02766798418972332 0.03492063492063492
0 0.34782608695652173 0.2714285714285714 0.023715415019762844 0.03492063492063492
0 0.42984189723320154 0.06349206349206349 0.017786561264822132 0.025396825396825397
0 0.7460474308300394 0.08253968253968254 0.02569169960474308 0.044444444444444446
0 0.7154150197628458 0.19365079365079366 0.023715415019762844 0.0380952380952381
0 0.8577075098814229 0.30793650793650795 0.023715415019762844 0.0380952380952381
0 0.5889328063241106 0.5079365079365079 0.02766798418972332 0.031746031746031744
0 0.8735177865612648 0.8761904761904762 0.02766798418972332 0.031746031746031744
0 0.8577075098814229 0.7047619047619048 0.023715415019762844 0.031746031746031744
0 0.8567193675889327 0.5301587301587302 0.02569169960474308 0.025396825396825397
