0 0.09840954274353876 0.10677966101694915 0.041749502982107355 0.07796610169491525
0 0.1709741550695825 0.5474576271186441 0.05168986083499005 0.07796610169491525
0 0.478131212723658 0.8762711864406779 0.073558648111332 0.13898305084745763
0 0.3429423459244532 0.1983050847457627 0.029821073558648107 0.10508474576271186
0 0.5019880715705765 0.32372881355932204 0.025844930417495027 0.09152542372881356
0 0.6053677932405566 0.1271186440677966 0.025844930417495027 0.06440677966101695
0 0.7017892644135189 0.07966101694915254 0.02385685884691849 0.0576271186440678
0 0.8220675944333995 0.11016949152542373 0.021868787276341946 0.06440677966101695
0 0.7544731610337971 0.44237288135593217 0.06163021868787276 0.09152542372881356
0 0.7604373757455267 0.5288135593220339 0.041749502982107355 0.07457627118644068
