0 0.227364185110664 0.6438746438746439 0.04024144869215292 0.045584045584045586
0 0.3541247484909457 0.4643874643874644 0.052313883299798795 0.039886039886039885
0 0.2012072434607646 0.32051282051282054 0.052313883299798795 0.05413105413105413
0 0.5804828973843059 0.42165242165242167 0.04627766599597586 0.06267806267806268
0 0.4949698189134809 0.6267806267806268 0.05633802816901409 0.039886039886039885
0 0.23742454728370224 0.7663817663817665 0.012072434607645876 0.03418803418803419
0 0.25150905432595577 0.7606837606837608 0.012072434607645876 0.05698005698005698
0 0.2635814889336016 0.7621082621082621 0.01609657947686117 0.06552706552706553
0 0.28169014084507044 0.7806267806267807 0.01609657947686117 0.09686609686609687
0 0.2977867203219316 0.7606837606837608 0.02012072434607646 0.07977207977207977
