0 0.19504950495049506 0.12706270627062707 0.041584158415841586 0.0891089108910891
0 0.26435643564356437 0.5528052805280528 0.053465346534653464 0.06930693069306931
0 0.4405940594059406 0.21782178217821782 0.033663366336633666 0.09240924092409242
0 0.595049504950495 0.33663366336633666 0.025742574257425745 0.09240924092409242
0 0.5742574257425742 0.8663366336633663 0.0712871287128713 0.1419141914191419
0 0.8485148514851485 0.4537953795379538 0.05742574257425743 0.0891089108910891
0 0.8594059405940594 0.5363036303630363 0.04356435643564356 0.056105610561056105
0 0.7019801980198019 0.1485148514851485 0.02178217821782178 0.07920792079207921
0 0.7970297029702971 0.10231023102310231 0.02178217821782178 0.052805280528052806
0 0.9158415841584159 0.13036303630363036 0.017821782178217824 0.06930693069306931
